0.5 0.5 0.5 0.5 1
0.37796 0.37796 0.37796 0.75593 2
0.28868 0.28868 0.28868 0.86603 2
0.22942 0.22942 0.22942 0.91766 2
0.18898 0.18898 0.18898 0.94491 2
0.37796 0.37796 0.75593 0.37796 2
0.31623 0.31623 0.63246 0.63246 2
0.2582 0.2582 0.5164 0.7746 2
0.2132 0.2132 0.4264 0.8528 2
0.17961 0.17961 0.35921 0.89803 2
0.28868 0.28868 0.86603 0.28868 2
0.2582 0.2582 0.7746 0.5164 2
0.22361 0.22361 0.67082 0.67082 2
0.19245 0.19245 0.57735 0.7698 2
0.16667 0.16667 0.5 0.83333 2
0.22942 0.22942 0.91766 0.22942 2
0.2132 0.2132 0.8528 0.4264 2
0.19245 0.19245 0.7698 0.57735 2
0.1715 0.1715 0.68599 0.68599 2
0.1525 0.1525 0.60999 0.76249 2
0.18898 0.18898 0.94491 0.18898 2
0.17961 0.17961 0.89803 0.35921 2
0.16667 0.16667 0.83333 0.5 2
0.1525 0.1525 0.76249 0.60999 2
0.13868 0.13868 0.69338 0.69338 2
0.37796 0.75593 0.37796 0.37796 3
0.31623 0.63246 0.31623 0.63246 1
0.2582 0.5164 0.2582 0.7746 2
0.2132 0.4264 0.2132 0.8528 2
0.17961 0.35921 0.17961 0.89803 2
0.31623 0.63246 0.63246 0.31623 1
0.27735 0.5547 0.5547 0.5547 2
0.2357 0.4714 0.4714 0.70711 2
0.2 0.4 0.4 0.8 2
0.1715 0.343 0.343 0.85749 2
0.2582 0.5164 0.7746 0.2582 2
0.2357 0.4714 0.70711 0.4714 2
0.20851 0.41703 0.62554 0.62554 2
0.18257 0.36515 0.54772 0.7303 2
0.16013 0.32026 0.48038 0.80064 2
0.2132 0.4264 0.8528 0.2132 2
0.2 0.4 0.8 0.4 2
0.18257 0.36515 0.7303 0.54772 2
0.1644 0.3288 0.6576 0.6576 2
0.14744 0.29488 0.58977 0.73721 2
0.17961 0.35921 0.89803 0.17961 2
0.1715 0.343 0.85749 0.343 2
0.16013 0.32026 0.80064 0.48038 2
0.14744 0.29488 0.73721 0.58977 2
0.13484 0.26968 0.6742 0.6742 2
0.28868 0.86603 0.28868 0.28868 3
0.2582 0.7746 0.2582 0.5164 3
0.22361 0.67082 0.22361 0.67082 1
0.19245 0.57735 0.19245 0.7698 2
0.16667 0.5 0.16667 0.83333 2
0.2582 0.7746 0.5164 0.2582 3
0.2357 0.70711 0.4714 0.4714 2
0.20851 0.62554 0.41703 0.62554 2
0.18257 0.54772 0.36515 0.7303 2
0.16013 0.48038 0.32026 0.80064 2
0.22361 0.67082 0.67082 0.22361 1
0.20851 0.62554 0.62554 0.41703 2
0.18898 0.56695 0.56695 0.56695 2
0.16903 0.50709 0.50709 0.67612 2
0.15076 0.45227 0.45227 0.75378 2
0.19245 0.57735 0.7698 0.19245 2
0.18257 0.54772 0.7303 0.36515 2
0.16903 0.50709 0.67612 0.50709 2
0.1543 0.46291 0.61721 0.61721 2
0.14003 0.42008 0.56011 0.70014 2
0.16667 0.5 0.83333 0.16667 2
0.16013 0.48038 0.80064 0.32026 2
0.15076 0.45227 0.75378 0.45227 2
0.14003 0.42008 0.70014 0.56011 2
0.1291 0.3873 0.6455 0.6455 2
0.22942 0.91766 0.22942 0.22942 3
0.2132 0.8528 0.2132 0.4264 3
0.19245 0.7698 0.19245 0.57735 3
0.1715 0.68599 0.1715 0.68599 1
0.1525 0.60999 0.1525 0.76249 2
0.2132 0.8528 0.4264 0.2132 3
0.2 0.8 0.4 0.4 1
0.18257 0.7303 0.36515 0.54772 2
0.1644 0.6576 0.3288 0.6576 2
0.14744 0.58977 0.29488 0.73721 2
0.19245 0.7698 0.57735 0.19245 3
0.18257 0.7303 0.54772 0.36515 2
0.16903 0.67612 0.50709 0.50709 2
0.1543 0.61721 0.46291 0.61721 2
0.14003 0.56011 0.42008 0.70014 2
0.1715 0.68599 0.68599 0.1715 1
0.1644 0.6576 0.6576 0.3288 2
0.1543 0.61721 0.61721 0.46291 2
0.14286 0.57143 0.57143 0.57143 2
0.13131 0.52523 0.52523 0.65653 2
0.1525 0.60999 0.76249 0.1525 2
0.14744 0.58977 0.73721 0.29488 2
0.14003 0.56011 0.70014 0.42008 2
0.13131 0.52523 0.65653 0.52523 2
0.12217 0.48868 0.61085 0.61085 2
0.18898 0.94491 0.18898 0.18898 3
0.17961 0.89803 0.17961 0.35921 3
0.16667 0.83333 0.16667 0.5 3
0.1525 0.76249 0.1525 0.60999 3
0.13868 0.69338 0.13868 0.69338 1
0.17961 0.89803 0.35921 0.17961 3
0.1715 0.85749 0.343 0.343 3
0.16013 0.80064 0.32026 0.48038 2
0.14744 0.73721 0.29488 0.58977 2
0.13484 0.6742 0.26968 0.6742 2
0.16667 0.83333 0.5 0.16667 3
0.16013 0.80064 0.48038 0.32026 2
0.15076 0.75378 0.45227 0.45227 2
0.14003 0.70014 0.42008 0.56011 2
0.1291 0.6455 0.3873 0.6455 2
0.1525 0.76249 0.60999 0.1525 3
0.14744 0.73721 0.58977 0.29488 2
0.14003 0.70014 0.56011 0.42008 2
0.13131 0.65653 0.52523 0.52523 2
0.12217 0.61085 0.48868 0.61085 2
0.13868 0.69338 0.69338 0.13868 1
0.13484 0.6742 0.6742 0.26968 2
0.1291 0.6455 0.6455 0.3873 2
0.12217 0.61085 0.61085 0.48868 2
0.11471 0.57354 0.57354 0.57354 2
0.75593 0.37796 0.37796 0.37796 3
0.63246 0.31623 0.31623 0.63246 1
0.5164 0.2582 0.2582 0.7746 2
0.4264 0.2132 0.2132 0.8528 2
0.35921 0.17961 0.17961 0.89803 2
0.63246 0.31623 0.63246 0.31623 1
0.5547 0.27735 0.5547 0.5547 2
0.4714 0.2357 0.4714 0.70711 2
0.4 0.2 0.4 0.8 2
0.343 0.1715 0.343 0.85749 2
0.5164 0.2582 0.7746 0.2582 2
0.4714 0.2357 0.70711 0.4714 2
0.41703 0.20851 0.62554 0.62554 2
0.36515 0.18257 0.54772 0.7303 2
0.32026 0.16013 0.48038 0.80064 2
0.4264 0.2132 0.8528 0.2132 2
0.4 0.2 0.8 0.4 2
0.36515 0.18257 0.7303 0.54772 2
0.3288 0.1644 0.6576 0.6576 2
0.29488 0.14744 0.58977 0.73721 2
0.35921 0.17961 0.89803 0.17961 2
0.343 0.1715 0.85749 0.343 2
0.32026 0.16013 0.80064 0.48038 2
0.29488 0.14744 0.73721 0.58977 2
0.26968 0.13484 0.6742 0.6742 2
0.63246 0.63246 0.31623 0.31623 3
0.5547 0.5547 0.27735 0.5547 3
0.4714 0.4714 0.2357 0.70711 3
0.4 0.4 0.2 0.8 1
0.343 0.343 0.1715 0.85749 2
0.5547 0.5547 0.5547 0.27735 3
0.5 0.5 0.5 0.5 1
0.43644 0.43644 0.43644 0.65465 2
0.37796 0.37796 0.37796 0.75593 2
0.3288 0.3288 0.3288 0.82199 2
0.4714 0.4714 0.70711 0.2357 3
0.43644 0.43644 0.65465 0.43644 2
0.39223 0.39223 0.58835 0.58835 2
0.34816 0.34816 0.52223 0.69631 2
0.30861 0.30861 0.46291 0.77152 2
0.4 0.4 0.8 0.2 1
0.37796 0.37796 0.75593 0.37796 2
0.34816 0.34816 0.69631 0.52223 2
0.31623 0.31623 0.63246 0.63246 2
0.28571 0.28571 0.57143 0.71429 2
0.343 0.343 0.85749 0.1715 2
0.3288 0.3288 0.82199 0.3288 2
0.30861 0.30861 0.77152 0.46291 2
0.28571 0.28571 0.71429 0.57143 2
0.26261 0.26261 0.65653 0.65653 2
0.5164 0.7746 0.2582 0.2582 3
0.4714 0.70711 0.2357 0.4714 3
0.41703 0.62554 0.20851 0.62554 3
0.36515 0.54772 0.18257 0.7303 3
0.32026 0.48038 0.16013 0.80064 3
0.4714 0.70711 0.4714 0.2357 3
0.43644 0.65465 0.43644 0.43644 3
0.39223 0.58835 0.39223 0.58835 1
0.34816 0.52223 0.34816 0.69631 2
0.30861 0.46291 0.30861 0.77152 2
0.41703 0.62554 0.62554 0.20851 3
0.39223 0.58835 0.58835 0.39223 1
0.35921 0.53882 0.53882 0.53882 2
0.32444 0.48666 0.48666 0.64889 2
0.29173 0.43759 0.43759 0.72932 2
0.36515 0.54772 0.7303 0.18257 3
0.34816 0.52223 0.69631 0.34816 2
0.32444 0.48666 0.64889 0.48666 2
0.29814 0.44721 0.59628 0.59628 2
0.27217 0.40825 0.54433 0.68041 2
0.32026 0.48038 0.80064 0.16013 3
0.30861 0.46291 0.77152 0.30861 2
0.29173 0.43759 0.72932 0.43759 2
0.27217 0.40825 0.68041 0.54433 2
0.25198 0.37796 0.62994 0.62994 2
0.4264 0.8528 0.2132 0.2132 3
0.4 0.8 0.2 0.4 3
0.36515 0.7303 0.18257 0.54772 3
0.3288 0.6576 0.1644 0.6576 3
0.29488 0.58977 0.14744 0.73721 3
0.4 0.8 0.4 0.2 3
0.37796 0.75593 0.37796 0.37796 3
0.34816 0.69631 0.34816 0.52223 3
0.31623 0.63246 0.31623 0.63246 1
0.28571 0.57143 0.28571 0.71429 2
0.36515 0.7303 0.54772 0.18257 3
0.34816 0.69631 0.52223 0.34816 3
0.32444 0.64889 0.48666 0.48666 2
0.29814 0.59628 0.44721 0.59628 2
0.27217 0.54433 0.40825 0.68041 2
0.3288 0.6576 0.6576 0.1644 3
0.31623 0.63246 0.63246 0.31623 1
0.29814 0.59628 0.59628 0.44721 2
0.27735 0.5547 0.5547 0.5547 2
0.25607 0.51215 0.51215 0.64018 2
0.29488 0.58977 0.73721 0.14744 3
0.28571 0.57143 0.71429 0.28571 2
0.27217 0.54433 0.68041 0.40825 2
0.25607 0.51215 0.64018 0.51215 2
0.23905 0.47809 0.59761 0.59761 2
0.35921 0.89803 0.17961 0.17961 3
0.343 0.85749 0.1715 0.343 3
0.32026 0.80064 0.16013 0.48038 3
0.29488 0.73721 0.14744 0.58977 3
0.26968 0.6742 0.13484 0.6742 3
0.343 0.85749 0.343 0.1715 3
0.3288 0.82199 0.3288 0.3288 3
0.30861 0.77152 0.30861 0.46291 3
0.28571 0.71429 0.28571 0.57143 3
0.26261 0.65653 0.26261 0.65653 1
0.32026 0.80064 0.48038 0.16013 3
0.30861 0.77152 0.46291 0.30861 3
0.29173 0.72932 0.43759 0.43759 3
0.27217 0.68041 0.40825 0.54433 2
0.25198 0.62994 0.37796 0.62994 2
0.29488 0.73721 0.58977 0.14744 3
0.28571 0.71429 0.57143 0.28571 3
0.27217 0.68041 0.54433 0.40825 2
0.25607 0.64018 0.51215 0.51215 2
0.23905 0.59761 0.47809 0.59761 2
0.26968 0.6742 0.6742 0.13484 3
0.26261 0.65653 0.65653 0.26261 1
0.25198 0.62994 0.62994 0.37796 2
0.23905 0.59761 0.59761 0.47809 2
0.22502 0.56254 0.56254 0.56254 2
0.86603 0.28868 0.28868 0.28868 3
0.7746 0.2582 0.2582 0.5164 3
0.67082 0.22361 0.22361 0.67082 1
0.57735 0.19245 0.19245 0.7698 2
0.5 0.16667 0.16667 0.83333 2
0.7746 0.2582 0.5164 0.2582 3
0.70711 0.2357 0.4714 0.4714 2
0.62554 0.20851 0.41703 0.62554 2
0.54772 0.18257 0.36515 0.7303 2
0.48038 0.16013 0.32026 0.80064 2
0.67082 0.22361 0.67082 0.22361 1
0.62554 0.20851 0.62554 0.41703 2
0.56695 0.18898 0.56695 0.56695 2
0.50709 0.16903 0.50709 0.67612 2
0.45227 0.15076 0.45227 0.75378 2
0.57735 0.19245 0.7698 0.19245 2
0.54772 0.18257 0.7303 0.36515 2
0.50709 0.16903 0.67612 0.50709 2
0.46291 0.1543 0.61721 0.61721 2
0.42008 0.14003 0.56011 0.70014 2
0.5 0.16667 0.83333 0.16667 2
0.48038 0.16013 0.80064 0.32026 2
0.45227 0.15076 0.75378 0.45227 2
0.42008 0.14003 0.70014 0.56011 2
0.3873 0.1291 0.6455 0.6455 2
0.7746 0.5164 0.2582 0.2582 3
0.70711 0.4714 0.2357 0.4714 3
0.62554 0.41703 0.20851 0.62554 3
0.54772 0.36515 0.18257 0.7303 3
0.48038 0.32026 0.16013 0.80064 3
0.70711 0.4714 0.4714 0.2357 3
0.65465 0.43644 0.43644 0.43644 3
0.58835 0.39223 0.39223 0.58835 1
0.52223 0.34816 0.34816 0.69631 2
0.46291 0.30861 0.30861 0.77152 2
0.62554 0.41703 0.62554 0.20851 3
0.58835 0.39223 0.58835 0.39223 1
0.53882 0.35921 0.53882 0.53882 2
0.48666 0.32444 0.48666 0.64889 2
0.43759 0.29173 0.43759 0.72932 2
0.54772 0.36515 0.7303 0.18257 3
0.52223 0.34816 0.69631 0.34816 2
0.48666 0.32444 0.64889 0.48666 2
0.44721 0.29814 0.59628 0.59628 2
0.40825 0.27217 0.54433 0.68041 2
0.48038 0.32026 0.80064 0.16013 3
0.46291 0.30861 0.77152 0.30861 2
0.43759 0.29173 0.72932 0.43759 2
0.40825 0.27217 0.68041 0.54433 2
0.37796 0.25198 0.62994 0.62994 2
0.67082 0.67082 0.22361 0.22361 3
0.62554 0.62554 0.20851 0.41703 3
0.56695 0.56695 0.18898 0.56695 3
0.50709 0.50709 0.16903 0.67612 3
0.45227 0.45227 0.15076 0.75378 3
0.62554 0.62554 0.41703 0.20851 3
0.58835 0.58835 0.39223 0.39223 3
0.53882 0.53882 0.35921 0.53882 3
0.48666 0.48666 0.32444 0.64889 3
0.43759 0.43759 0.29173 0.72932 2
0.56695 0.56695 0.56695 0.18898 3
0.53882 0.53882 0.53882 0.35921 3
0.5 0.5 0.5 0.5 1
0.4575 0.4575 0.4575 0.60999 2
0.41603 0.41603 0.41603 0.69338 2
0.50709 0.50709 0.67612 0.16903 3
0.48666 0.48666 0.64889 0.32444 3
0.4575 0.4575 0.60999 0.4575 2
0.42426 0.42426 0.56569 0.56569 2
0.39057 0.39057 0.52076 0.65094 2
0.45227 0.45227 0.75378 0.15076 3
0.43759 0.43759 0.72932 0.29173 2
0.41603 0.41603 0.69338 0.41603 2
0.39057 0.39057 0.65094 0.52076 2
0.3638 0.3638 0.60634 0.60634 2
0.57735 0.7698 0.19245 0.19245 3
0.54772 0.7303 0.18257 0.36515 3
0.50709 0.67612 0.16903 0.50709 3
0.46291 0.61721 0.1543 0.61721 3
0.42008 0.56011 0.14003 0.70014 3
0.54772 0.7303 0.36515 0.18257 3
0.52223 0.69631 0.34816 0.34816 3
0.48666 0.64889 0.32444 0.48666 3
0.44721 0.59628 0.29814 0.59628 3
0.40825 0.54433 0.27217 0.68041 3
0.50709 0.67612 0.50709 0.16903 3
0.48666 0.64889 0.48666 0.32444 3
0.4575 0.60999 0.4575 0.4575 3
0.42426 0.56569 0.42426 0.56569 1
0.39057 0.52076 0.39057 0.65094 2
0.46291 0.61721 0.61721 0.1543 3
0.44721 0.59628 0.59628 0.29814 3
0.42426 0.56569 0.56569 0.42426 1
0.39736 0.52981 0.52981 0.52981 2
0.36927 0.49237 0.49237 0.61546 2
0.42008 0.56011 0.70014 0.14003 3
0.40825 0.54433 0.68041 0.27217 3
0.39057 0.52076 0.65094 0.39057 2
0.36927 0.49237 0.61546 0.49237 2
0.34641 0.46188 0.57735 0.57735 2
0.5 0.83333 0.16667 0.16667 3
0.48038 0.80064 0.16013 0.32026 3
0.45227 0.75378 0.15076 0.45227 3
0.42008 0.70014 0.14003 0.56011 3
0.3873 0.6455 0.1291 0.6455 3
0.48038 0.80064 0.32026 0.16013 3
0.46291 0.77152 0.30861 0.30861 3
0.43759 0.72932 0.29173 0.43759 3
0.40825 0.68041 0.27217 0.54433 3
0.37796 0.62994 0.25198 0.62994 3
0.45227 0.75378 0.45227 0.15076 3
0.43759 0.72932 0.43759 0.29173 3
0.41603 0.69338 0.41603 0.41603 3
0.39057 0.65094 0.39057 0.52076 3
0.3638 0.60634 0.3638 0.60634 1
0.42008 0.70014 0.56011 0.14003 3
0.40825 0.68041 0.54433 0.27217 3
0.39057 0.65094 0.52076 0.39057 3
0.36927 0.61546 0.49237 0.49237 2
0.34641 0.57735 0.46188 0.57735 2
0.3873 0.6455 0.6455 0.1291 3
0.37796 0.62994 0.62994 0.25198 3
0.3638 0.60634 0.60634 0.3638 1
0.34641 0.57735 0.57735 0.46188 2
0.32733 0.54554 0.54554 0.54554 2
0.91766 0.22942 0.22942 0.22942 3
0.8528 0.2132 0.2132 0.4264 3
0.7698 0.19245 0.19245 0.57735 3
0.68599 0.1715 0.1715 0.68599 1
0.60999 0.1525 0.1525 0.76249 2
0.8528 0.2132 0.4264 0.2132 3
0.8 0.2 0.4 0.4 1
0.7303 0.18257 0.36515 0.54772 2
0.6576 0.1644 0.3288 0.6576 2
0.58977 0.14744 0.29488 0.73721 2
0.7698 0.19245 0.57735 0.19245 3
0.7303 0.18257 0.54772 0.36515 2
0.67612 0.16903 0.50709 0.50709 2
0.61721 0.1543 0.46291 0.61721 2
0.56011 0.14003 0.42008 0.70014 2
0.68599 0.1715 0.68599 0.1715 1
0.6576 0.1644 0.6576 0.3288 2
0.61721 0.1543 0.61721 0.46291 2
0.57143 0.14286 0.57143 0.57143 2
0.52523 0.13131 0.52523 0.65653 2
0.60999 0.1525 0.76249 0.1525 2
0.58977 0.14744 0.73721 0.29488 2
0.56011 0.14003 0.70014 0.42008 2
0.52523 0.13131 0.65653 0.52523 2
0.48868 0.12217 0.61085 0.61085 2
0.8528 0.4264 0.2132 0.2132 3
0.8 0.4 0.2 0.4 3
0.7303 0.36515 0.18257 0.54772 3
0.6576 0.3288 0.1644 0.6576 3
0.58977 0.29488 0.14744 0.73721 3
0.8 0.4 0.4 0.2 3
0.75593 0.37796 0.37796 0.37796 3
0.69631 0.34816 0.34816 0.52223 3
0.63246 0.31623 0.31623 0.63246 1
0.57143 0.28571 0.28571 0.71429 2
0.7303 0.36515 0.54772 0.18257 3
0.69631 0.34816 0.52223 0.34816 3
0.64889 0.32444 0.48666 0.48666 2
0.59628 0.29814 0.44721 0.59628 2
0.54433 0.27217 0.40825 0.68041 2
0.6576 0.3288 0.6576 0.1644 3
0.63246 0.31623 0.63246 0.31623 1
0.59628 0.29814 0.59628 0.44721 2
0.5547 0.27735 0.5547 0.5547 2
0.51215 0.25607 0.51215 0.64018 2
0.58977 0.29488 0.73721 0.14744 3
0.57143 0.28571 0.71429 0.28571 2
0.54433 0.27217 0.68041 0.40825 2
0.51215 0.25607 0.64018 0.51215 2
0.47809 0.23905 0.59761 0.59761 2
0.7698 0.57735 0.19245 0.19245 3
0.7303 0.54772 0.18257 0.36515 3
0.67612 0.50709 0.16903 0.50709 3
0.61721 0.46291 0.1543 0.61721 3
0.56011 0.42008 0.14003 0.70014 3
0.7303 0.54772 0.36515 0.18257 3
0.69631 0.52223 0.34816 0.34816 3
0.64889 0.48666 0.32444 0.48666 3
0.59628 0.44721 0.29814 0.59628 3
0.54433 0.40825 0.27217 0.68041 3
0.67612 0.50709 0.50709 0.16903 3
0.64889 0.48666 0.48666 0.32444 3
0.60999 0.4575 0.4575 0.4575 3
0.56569 0.42426 0.42426 0.56569 1
0.52076 0.39057 0.39057 0.65094 2
0.61721 0.46291 0.61721 0.1543 3
0.59628 0.44721 0.59628 0.29814 3
0.56569 0.42426 0.56569 0.42426 1
0.52981 0.39736 0.52981 0.52981 2
0.49237 0.36927 0.49237 0.61546 2
0.56011 0.42008 0.70014 0.14003 3
0.54433 0.40825 0.68041 0.27217 3
0.52076 0.39057 0.65094 0.39057 2
0.49237 0.36927 0.61546 0.49237 2
0.46188 0.34641 0.57735 0.57735 2
0.68599 0.68599 0.1715 0.1715 3
0.6576 0.6576 0.1644 0.3288 3
0.61721 0.61721 0.1543 0.46291 3
0.57143 0.57143 0.14286 0.57143 3
0.52523 0.52523 0.13131 0.65653 3
0.6576 0.6576 0.3288 0.1644 3
0.63246 0.63246 0.31623 0.31623 3
0.59628 0.59628 0.29814 0.44721 3
0.5547 0.5547 0.27735 0.5547 3
0.51215 0.51215 0.25607 0.64018 3
0.61721 0.61721 0.46291 0.1543 3
0.59628 0.59628 0.44721 0.29814 3
0.56569 0.56569 0.42426 0.42426 3
0.52981 0.52981 0.39736 0.52981 3
0.49237 0.49237 0.36927 0.61546 3
0.57143 0.57143 0.57143 0.14286 3
0.5547 0.5547 0.5547 0.27735 3
0.52981 0.52981 0.52981 0.39736 3
0.5 0.5 0.5 0.5 1
0.46816 0.46816 0.46816 0.58521 2
0.52523 0.52523 0.65653 0.13131 3
0.51215 0.51215 0.64018 0.25607 3
0.49237 0.49237 0.61546 0.36927 3
0.46816 0.46816 0.58521 0.46816 2
0.44173 0.44173 0.55216 0.55216 2
0.60999 0.76249 0.1525 0.1525 3
0.58977 0.73721 0.14744 0.29488 3
0.56011 0.70014 0.14003 0.42008 3
0.52523 0.65653 0.13131 0.52523 3
0.48868 0.61085 0.12217 0.61085 3
0.58977 0.73721 0.29488 0.14744 3
0.57143 0.71429 0.28571 0.28571 3
0.54433 0.68041 0.27217 0.40825 3
0.51215 0.64018 0.25607 0.51215 3
0.47809 0.59761 0.23905 0.59761 3
0.56011 0.70014 0.42008 0.14003 3
0.54433 0.68041 0.40825 0.27217 3
0.52076 0.65094 0.39057 0.39057 3
0.49237 0.61546 0.36927 0.49237 3
0.46188 0.57735 0.34641 0.57735 3
0.52523 0.65653 0.52523 0.13131 3
0.51215 0.64018 0.51215 0.25607 3
0.49237 0.61546 0.49237 0.36927 3
0.46816 0.58521 0.46816 0.46816 3
0.44173 0.55216 0.44173 0.55216 1
0.48868 0.61085 0.61085 0.12217 3
0.47809 0.59761 0.59761 0.23905 3
0.46188 0.57735 0.57735 0.34641 3
0.44173 0.55216 0.55216 0.44173 1
0.41931 0.52414 0.52414 0.52414 2
0.94491 0.18898 0.18898 0.18898 3
0.89803 0.17961 0.17961 0.35921 3
0.83333 0.16667 0.16667 0.5 3
0.76249 0.1525 0.1525 0.60999 3
0.69338 0.13868 0.13868 0.69338 1
0.89803 0.17961 0.35921 0.17961 3
0.85749 0.1715 0.343 0.343 3
0.80064 0.16013 0.32026 0.48038 2
0.73721 0.14744 0.29488 0.58977 2
0.6742 0.13484 0.26968 0.6742 2
0.83333 0.16667 0.5 0.16667 3
0.80064 0.16013 0.48038 0.32026 2
0.75378 0.15076 0.45227 0.45227 2
0.70014 0.14003 0.42008 0.56011 2
0.6455 0.1291 0.3873 0.6455 2
0.76249 0.1525 0.60999 0.1525 3
0.73721 0.14744 0.58977 0.29488 2
0.70014 0.14003 0.56011 0.42008 2
0.65653 0.13131 0.52523 0.52523 2
0.61085 0.12217 0.48868 0.61085 2
0.69338 0.13868 0.69338 0.13868 1
0.6742 0.13484 0.6742 0.26968 2
0.6455 0.1291 0.6455 0.3873 2
0.61085 0.12217 0.61085 0.48868 2
0.57354 0.11471 0.57354 0.57354 2
0.89803 0.35921 0.17961 0.17961 3
0.85749 0.343 0.1715 0.343 3
0.80064 0.32026 0.16013 0.48038 3
0.73721 0.29488 0.14744 0.58977 3
0.6742 0.26968 0.13484 0.6742 3
0.85749 0.343 0.343 0.1715 3
0.82199 0.3288 0.3288 0.3288 3
0.77152 0.30861 0.30861 0.46291 3
0.71429 0.28571 0.28571 0.57143 3
0.65653 0.26261 0.26261 0.65653 1
0.80064 0.32026 0.48038 0.16013 3
0.77152 0.30861 0.46291 0.30861 3
0.72932 0.29173 0.43759 0.43759 3
0.68041 0.27217 0.40825 0.54433 2
0.62994 0.25198 0.37796 0.62994 2
0.73721 0.29488 0.58977 0.14744 3
0.71429 0.28571 0.57143 0.28571 3
0.68041 0.27217 0.54433 0.40825 2
0.64018 0.25607 0.51215 0.51215 2
0.59761 0.23905 0.47809 0.59761 2
0.6742 0.26968 0.6742 0.13484 3
0.65653 0.26261 0.65653 0.26261 1
0.62994 0.25198 0.62994 0.37796 2
0.59761 0.23905 0.59761 0.47809 2
0.56254 0.22502 0.56254 0.56254 2
0.83333 0.5 0.16667 0.16667 3
0.80064 0.48038 0.16013 0.32026 3
0.75378 0.45227 0.15076 0.45227 3
0.70014 0.42008 0.14003 0.56011 3
0.6455 0.3873 0.1291 0.6455 3
0.80064 0.48038 0.32026 0.16013 3
0.77152 0.46291 0.30861 0.30861 3
0.72932 0.43759 0.29173 0.43759 3
0.68041 0.40825 0.27217 0.54433 3
0.62994 0.37796 0.25198 0.62994 3
0.75378 0.45227 0.45227 0.15076 3
0.72932 0.43759 0.43759 0.29173 3
0.69338 0.41603 0.41603 0.41603 3
0.65094 0.39057 0.39057 0.52076 3
0.60634 0.3638 0.3638 0.60634 1
0.70014 0.42008 0.56011 0.14003 3
0.68041 0.40825 0.54433 0.27217 3
0.65094 0.39057 0.52076 0.39057 3
0.61546 0.36927 0.49237 0.49237 2
0.57735 0.34641 0.46188 0.57735 2
0.6455 0.3873 0.6455 0.1291 3
0.62994 0.37796 0.62994 0.25198 3
0.60634 0.3638 0.60634 0.3638 1
0.57735 0.34641 0.57735 0.46188 2
0.54554 0.32733 0.54554 0.54554 2
0.76249 0.60999 0.1525 0.1525 3
0.73721 0.58977 0.14744 0.29488 3
0.70014 0.56011 0.14003 0.42008 3
0.65653 0.52523 0.13131 0.52523 3
0.61085 0.48868 0.12217 0.61085 3
0.73721 0.58977 0.29488 0.14744 3
0.71429 0.57143 0.28571 0.28571 3
0.68041 0.54433 0.27217 0.40825 3
0.64018 0.51215 0.25607 0.51215 3
0.59761 0.47809 0.23905 0.59761 3
0.70014 0.56011 0.42008 0.14003 3
0.68041 0.54433 0.40825 0.27217 3
0.65094 0.52076 0.39057 0.39057 3
0.61546 0.49237 0.36927 0.49237 3
0.57735 0.46188 0.34641 0.57735 3
0.65653 0.52523 0.52523 0.13131 3
0.64018 0.51215 0.51215 0.25607 3
0.61546 0.49237 0.49237 0.36927 3
0.58521 0.46816 0.46816 0.46816 3
0.55216 0.44173 0.44173 0.55216 1
0.61085 0.48868 0.61085 0.12217 3
0.59761 0.47809 0.59761 0.23905 3
0.57735 0.46188 0.57735 0.34641 3
0.55216 0.44173 0.55216 0.44173 1
0.52414 0.41931 0.52414 0.52414 2
0.69338 0.69338 0.13868 0.13868 3
0.6742 0.6742 0.13484 0.26968 3
0.6455 0.6455 0.1291 0.3873 3
0.61085 0.61085 0.12217 0.48868 3
0.57354 0.57354 0.11471 0.57354 3
0.6742 0.6742 0.26968 0.13484 3
0.65653 0.65653 0.26261 0.26261 3
0.62994 0.62994 0.25198 0.37796 3
0.59761 0.59761 0.23905 0.47809 3
0.56254 0.56254 0.22502 0.56254 3
0.6455 0.6455 0.3873 0.1291 3
0.62994 0.62994 0.37796 0.25198 3
0.60634 0.60634 0.3638 0.3638 3
0.57735 0.57735 0.34641 0.46188 3
0.54554 0.54554 0.32733 0.54554 3
0.61085 0.61085 0.48868 0.12217 3
0.59761 0.59761 0.47809 0.23905 3
0.57735 0.57735 0.46188 0.34641 3
0.55216 0.55216 0.44173 0.44173 3
0.52414 0.52414 0.41931 0.52414 3
0.57354 0.57354 0.57354 0.11471 3
0.56254 0.56254 0.56254 0.22502 3
0.54554 0.54554 0.54554 0.32733 3
0.52414 0.52414 0.52414 0.41931 3
0.5 0.5 0.5 0.5 1
